30 10
0   5  8  27  0  12  22  25  16  17  15  24  3  10  2  7  14  13  26  28  19  20  29  18  21  6  11  23  4  9  1 
1   11  23  26  7  8  0  27  28  29  4  2  22  12  15  9  19  25  3  6  14  24  18  10  21  13  20  5  17  16  1 
2   21  0  27  6  20  10  23  28  4  17  12  16  1  29  5  2  24  19  25  8  26  22  14  9  7  3  11  13  18  15 
3   14  1  18  15  13  9  0  21  25  2  4  7  24  20  12  22  11  26  6  27  10  8  29  23  19  28  16  17  3  5 
4   19  14  1  15  24  9  21  25  3  29  11  22  20  4  2  27  28  8  6  12  23  5  26  13  16  0  17  7  10  18 
5   12  19  2  18  26  1  9  8  5  14  15  13  25  29  3  0  16  22  24  6  7  23  4  21  27  11  28  20  17  10 
6   24  7  6  25  21  27  1  10  12  16  17  5  11  23  9  3  14  29  28  8  15  19  13  4  22  18  0  20  2  26 
7   10  21  13  19  5  8  20  16  29  9  6  11  4  25  12  27  17  0  23  7  14  22  1  3  2  28  18  24  26  15 
8   4  11  17  27  18  10  5  21  29  6  28  14  16  9  3  20  25  13  22  2  19  1  7  12  8  15  0  23  24  26 
9   28  4  10  15  26  6  0  14  3  18  16  2  9  17  7  24  19  1  20  22  13  29  27  21  11  12  25  8  5  23 
10   9  10  4  14  13  28  18  23  15  20  2  21  1  17  19  16  7  12  27  3  11  29  8  6  25  0  22  5  24  26 
11   16  19  24  2  8  1  4  14  3  5  22  6  29  27  28  13  10  9  26  12  11  17  20  15  25  7  0  18  23  21 
12   22  17  6  8  3  4  14  5  9  24  2  19  0  12  15  10  21  23  25  13  7  28  29  27  26  20  1  11  18  16 
13   29  20  0  11  22  28  9  19  3  4  13  8  7  5  10  21  18  1  24  14  27  26  12  2  16  15  23  17  6  25 
14   17  22  13  14  0  28  18  26  3  10  9  20  11  25  12  2  29  1  8  15  4  24  6  23  7  5  21  16  27  19 
15   13  21  22  26  1  18  15  20  23  28  8  3  17  5  25  10  29  24  7  14  6  27  0  2  11  4  9  16  19  12 
16   25  2  14  1  28  15  18  23  4  11  26  3  27  7  21  16  20  12  17  6  8  0  9  19  29  22  10  13  5  24 
17   3  11  16  8  29  18  22  12  10  25  27  28  9  24  4  1  20  6  7  15  21  13  2  5  19  0  23  17  14  26 
18   7  20  3  13  17  11  14  10  4  8  0  1  24  2  16  18  6  19  23  29  21  12  5  27  26  28  9  25  22  15 
19   26  27  10  11  2  6  28  16  18  5  9  20  3  24  15  22  21  23  19  1  12  25  29  8  7  17  14  13  4  0 
20   8  10  5  0  28  22  24  19  3  14  13  17  7  6  9  21  12  2  23  26  18  1  29  27  16  20  11  25  4  15 
21   23  17  8  29  15  4  26  14  11  20  7  27  18  16  25  24  22  6  21  9  2  10  19  13  1  12  3  5  28  0 
22   15  8  28  10  16  25  22  6  2  5  27  17  9  19  12  18  4  7  1  24  0  14  29  26  21  13  20  11  3  23 
23   18  24  13  8  17  26  7  14  6  21  11  22  28  20  5  25  16  0  10  27  4  19  23  1  9  3  2  12  15  29 
24   20  7  11  13  10  24  22  2  3  16  9  8  29  18  5  0  15  6  28  25  12  4  21  19  1  26  14  17  27  23 
25   27  21  20  18  26  5  19  6  22  15  4  10  0  2  14  7  17  11  29  3  9  12  25  23  8  13  24  28  16  1 
26   1  29  16  24  0  11  7  5  21  20  19  13  3  27  28  17  23  8  10  26  6  18  14  2  4  25  22  12  15  9 
27   6  5  20  15  21  14  11  23  10  26  4  3  17  22  16  27  13  24  2  9  18  1  19  0  7  29  25  8  12  28 
28   2  26  22  5  23  0  28  27  10  4  16  24  9  8  3  7  20  11  21  15  12  18  17  6  19  25  29  13  14  1 
29   0  2  17  5  20  6  9  25  11  1  27  13  28  16  12  7  26  14  23  8  21  10  24  19  29  18  15  4  3  22 

0   21  29  18  4  27  24  23  19  5  13  22  16  25  11  26  2  17  10  6  3  7  0  14  28  9  8  1  12  20  15 
1   28  26  6  3  1  22  19  7  2  4  5  16  15  12  13  11  17  18  9  20  25  27  23  21  0  10  14  8  24  29 
2   12  28  0  14  9  22  19  20  7  8  13  1  11  2  25  23  15  18  10  3  26  5  16  21  4  29  24  27  17  6 
3   0  17  5  7  25  24  6  21  29  15  9  4  27  28  12  26  16  8  3  1  2  13  22  10  18  20  14  19  11  23 
4   11  8  12  21  1  22  28  17  13  20  14  15  9  3  24  26  29  25  19  23  7  4  2  16  27  0  5  10  6  18 
5   3  0  16  19  4  8  20  17  10  22  26  25  6  15  14  27  28  23  9  1  11  18  12  21  13  2  24  29  5  7 
6   18  27  25  7  11  23  14  13  15  9  3  6  29  10  24  21  28  16  26  22  17  20  5  0  12  8  4  2  19  1 
7   25  18  20  4  16  17  1  10  29  13  23  27  7  9  8  11  19  26  6  3  15  12  5  22  28  24  2  14  0  21 
8   1  20  29  2  22  26  7  13  18  27  19  8  6  11  12  16  28  10  15  14  25  17  23  5  4  0  9  21  3  24 
9   26  10  14  15  24  29  20  3  0  23  7  19  11  17  9  5  8  18  2  25  1  28  16  21  13  22  12  27  4  6 
10   5  7  6  29  10  23  2  12  19  13  27  1  18  22  24  21  4  11  8  9  26  16  0  17  28  14  20  15  3  25 
11   3  1  8  22  6  2  23  29  28  12  15  20  7  13  16  10  9  19  25  11  26  14  17  4  5  21  18  24  27  0 
12   15  5  3  26  4  9  13  2  6  23  11  12  7  25  29  16  17  18  14  8  10  20  22  19  1  21  27  28  24  0 
13   26  15  7  0  14  16  28  24  23  27  18  9  20  13  17  8  1  4  22  3  19  25  2  5  11  12  10  21  29  6 
14   27  3  14  24  23  11  28  9  20  15  19  12  10  26  8  0  7  17  22  4  13  1  2  5  6  16  21  29  25  18 
15   20  22  12  3  18  9  8  2  19  26  4  28  10  17  23  24  21  0  16  13  15  1  7  6  29  27  14  5  11  25 
16   12  11  21  27  0  8  19  3  9  4  16  24  20  15  14  2  29  26  7  23  22  1  6  25  17  10  5  28  18  13 
17   2  14  29  21  6  4  11  9  13  26  0  18  23  5  25  8  19  3  16  28  1  20  10  27  22  24  17  7  12  15 
18   4  23  18  24  28  19  27  16  26  21  7  12  29  11  0  8  20  14  6  17  10  22  25  1  9  5  13  2  15  3 
19   14  4  12  7  20  22  8  3  28  0  2  6  19  13  23  25  24  29  10  18  16  21  5  26  1  17  11  27  9  15 
20   25  24  29  22  4  18  2  7  3  17  21  8  15  23  26  9  19  14  16  12  13  20  1  6  28  11  0  27  10  5 
21   11  2  26  7  21  29  0  22  10  25  18  6  8  9  5  1  13  27  16  12  23  19  4  20  17  3  28  24  14  15 
22   29  12  16  13  26  5  25  7  0  23  10  24  3  17  4  21  2  14  11  9  6  19  18  1  27  8  15  20  22  28 
23   24  21  8  5  4  0  1  20  11  3  29  12  18  6  22  23  26  13  27  14  19  15  17  7  2  16  9  10  28  25 
24   16  6  17  21  27  12  3  15  26  18  9  19  1  20  5  11  14  22  8  10  4  2  7  25  0  29  24  13  28  23 
25   13  16  26  0  21  25  10  28  8  15  20  4  23  2  27  22  5  9  18  12  24  1  7  19  3  29  14  6  11  17 
26   17  19  14  27  23  6  8  26  15  20  29  4  28  22  3  13  25  21  18  0  24  9  2  7  10  16  11  5  1  12 
27   10  25  26  28  4  2  21  17  3  12  13  1  23  22  6  29  27  16  19  8  5  0  7  11  9  15  14  24  20  18 
28   27  9  23  26  19  18  15  29  21  7  17  14  10  8  3  16  2  5  11  13  12  4  24  6  20  0  22  28  1  25 
29   23  13  18  11  8  16  0  14  20  15  4  6  19  28  12  1  26  17  22  9  5  7  3  10  24  27  25  2  21  29 
