50 10
0   12  45  28  40  15  23  21  2  22  43  8  32  39  48  17  9  14  30  13  38  5  4  6  7  42  41  10  36  35  19  11  44  26  33  31  24  25  37  46  18  49  29  1  27  16  3  20  0  47  34 
1   0  15  35  2  46  37  42  49  7  10  4  40  32  8  31  26  1  27  41  9  45  12  13  24  14  25  22  43  38  29  20  11  48  44  47  18  19  34  36  17  28  39  33  21  6  3  16  23  30  5 
2   24  48  29  37  33  0  7  45  16  20  44  10  14  28  1  30  43  31  35  19  25  9  34  32  17  47  46  38  36  23  18  15  4  27  5  12  49  40  11  3  2  6  42  39  41  26  22  13  8  21 
3   2  49  24  10  29  42  28  43  27  35  13  4  46  38  30  0  22  17  37  5  7  19  12  33  23  36  25  26  31  1  6  20  15  8  45  16  47  39  34  32  41  11  40  3  44  21  48  18  14  9 
4   15  39  10  21  40  47  49  1  30  22  13  37  43  17  9  0  25  8  32  34  38  7  18  12  14  26  33  28  4  20  41  31  29  16  35  2  6  3  23  24  44  45  19  48  5  36  27  46  11  42 
5   42  35  32  22  37  7  6  19  4  16  31  41  40  29  8  9  15  47  34  21  20  10  23  39  3  26  13  36  18  5  48  25  0  30  33  14  24  17  45  27  46  11  43  12  2  1  28  38  49  44 
6   3  17  2  22  28  37  38  11  26  7  6  44  40  34  0  47  19  8  15  42  43  30  33  5  45  23  10  36  35  27  31  14  41  32  39  4  25  20  12  16  49  24  29  1  18  13  46  21  48  9 
7   9  19  26  29  39  49  27  41  8  0  2  1  45  24  4  11  18  42  43  28  44  22  20  3  14  7  5  36  32  23  15  46  48  16  31  47  6  40  13  33  21  25  35  34  17  30  37  12  10  38 
8   33  12  11  7  34  10  43  14  17  0  48  38  31  6  40  25  28  32  24  1  3  27  46  42  23  26  20  15  5  4  44  39  30  22  9  36  41  45  21  18  49  19  2  47  8  13  29  37  16  35 
9   7  33  28  46  40  3  16  1  27  5  44  32  15  48  36  23  47  12  2  24  43  17  26  35  41  11  0  31  14  13  6  22  10  9  45  39  30  4  20  19  49  21  37  8  29  34  38  18  42  25 
10   28  20  42  12  30  46  13  26  44  21  8  24  36  11  6  43  37  40  47  48  9  29  17  18  27  19  16  0  5  45  33  1  22  32  14  41  7  34  35  15  38  10  2  23  25  39  3  31  49  4 
11   34  14  8  36  44  29  30  46  48  42  26  10  11  35  5  43  3  1  33  19  16  37  13  7  38  4  18  49  41  32  24  0  9  31  28  20  27  23  2  12  40  39  21  6  22  47  25  45  15  17 
12   25  46  13  48  32  7  40  31  8  21  41  37  14  35  47  29  6  20  11  2  3  10  16  34  15  49  17  19  1  30  5  44  42  36  39  28  24  22  18  23  43  45  38  12  9  27  33  4  26  0 
13   39  7  3  40  41  21  5  15  24  43  6  18  32  38  20  14  10  4  16  37  31  22  17  48  0  26  30  19  36  27  42  34  23  13  25  2  9  28  49  35  29  47  45  12  1  33  44  46  11  8 
14   32  35  18  2  8  29  28  39  44  1  25  12  24  16  23  11  36  19  42  49  6  21  40  26  43  48  38  27  15  34  13  14  0  46  47  33  7  41  45  37  31  4  3  22  30  5  9  10  17  20 
15   19  36  25  41  21  7  39  45  46  26  49  14  38  13  34  9  40  18  11  44  43  29  5  23  28  15  20  4  24  33  0  17  8  27  2  22  16  30  3  48  37  35  10  6  12  32  31  47  42  1 
16   16  21  12  32  13  18  39  11  40  45  25  0  24  14  43  19  36  2  23  20  6  37  26  49  34  17  10  35  9  7  15  8  31  38  33  4  30  3  27  22  47  28  29  46  5  41  42  1  44  48 
17   6  36  19  43  24  12  27  48  11  22  26  10  23  39  4  9  0  15  46  40  13  38  44  20  33  45  29  7  17  14  35  21  49  16  47  3  41  18  31  37  42  32  2  34  5  8  28  30  1  25 
18   38  33  25  32  27  31  40  11  30  48  45  3  36  2  46  19  5  41  16  35  13  1  8  23  39  22  28  15  34  0  18  6  43  49  9  29  12  37  44  21  17  20  42  7  10  26  47  4  24  14 
19   13  37  48  19  0  30  12  41  3  39  11  49  22  23  10  36  33  47  42  5  28  29  31  46  38  2  8  21  20  4  15  6  43  1  45  34  32  17  35  18  25  26  9  40  44  24  16  27  14  7 
20   27  48  40  36  1  23  46  16  32  47  28  43  26  42  30  20  33  6  4  14  18  29  10  45  44  41  7  5  19  25  24  15  38  0  11  3  12  39  35  13  49  21  22  8  37  2  31  17  9  34 
21   37  1  46  21  12  47  48  39  14  32  40  38  3  13  25  45  26  5  16  42  23  33  36  41  18  22  27  6  9  49  24  10  19  8  30  11  31  34  28  17  20  29  0  43  35  4  15  7  2  44 
22   4  20  12  38  16  34  23  49  6  48  19  26  30  40  31  9  36  17  10  11  32  44  0  5  14  29  22  35  3  47  1  39  33  27  37  25  15  18  8  43  45  13  21  24  28  46  2  42  7  41 
23   47  11  18  27  17  0  13  45  22  1  8  16  31  49  46  41  34  26  10  24  25  3  12  14  44  38  42  36  48  29  39  20  6  19  28  32  5  30  37  35  21  23  7  2  33  9  40  15  4  43 
24   1  33  37  15  38  2  25  22  40  0  20  13  9  5  45  49  27  12  41  26  3  8  34  10  48  23  31  42  4  16  32  30  36  43  47  11  7  46  24  21  29  6  39  28  19  44  17  35  14  18 
25   48  8  22  33  29  23  3  31  39  2  19  26  45  38  11  41  7  6  4  44  24  46  30  0  42  20  14  1  12  37  25  49  16  13  17  34  18  43  35  9  15  5  47  36  10  21  40  27  28  32 
26   20  44  3  15  19  39  27  13  11  43  21  31  14  42  49  2  12  45  16  41  48  36  35  33  10  9  8  18  0  25  6  4  29  7  1  23  46  17  26  5  28  22  38  24  34  47  37  32  30  40 
27   11  14  22  32  49  33  43  44  28  21  24  45  5  41  23  26  47  39  29  46  9  30  0  17  34  37  6  36  13  7  3  1  27  10  8  15  2  38  12  4  42  31  20  25  16  18  40  35  19  48 
28   21  6  25  8  0  32  33  10  23  7  43  36  45  18  13  38  49  1  27  15  4  30  17  3  34  37  40  44  2  48  39  46  12  26  19  31  29  42  11  22  16  20  47  41  35  5  14  28  9  24 
29   29  26  8  40  49  43  13  11  2  28  24  4  46  17  31  42  32  18  36  0  25  33  34  45  19  35  38  21  10  3  16  6  9  48  41  1  27  37  30  22  12  23  39  44  47  7  20  14  5  15 
30   41  7  19  36  45  1  11  49  40  46  32  2  3  44  29  22  18  17  39  20  48  12  26  15  24  38  37  6  10  0  21  4  31  27  42  33  9  43  34  47  23  13  25  28  5  30  8  14  35  16 
31   22  34  38  20  41  44  16  31  15  10  21  9  4  1  36  24  11  17  43  47  25  37  39  32  13  46  23  7  26  45  30  33  27  35  49  29  2  3  14  40  19  42  18  48  8  12  0  28  6  5 
32   36  40  7  12  28  19  31  20  23  1  15  4  48  29  17  32  18  35  33  0  26  46  27  38  16  2  9  11  6  37  34  45  41  24  42  10  3  47  30  43  21  5  39  22  25  44  49  14  8  13 
33   8  49  30  18  2  43  44  15  28  41  46  37  3  9  26  13  32  31  16  24  23  11  35  1  20  10  17  33  19  4  0  42  5  27  48  6  21  38  25  45  22  14  7  39  34  29  40  47  36  12 
34   5  23  13  47  11  32  6  39  41  10  18  49  35  29  3  2  1  30  45  34  48  42  21  22  15  40  19  8  31  44  37  7  46  38  28  14  27  0  9  36  24  4  17  16  20  25  26  12  43  33 
35   10  41  26  42  6  3  20  21  34  24  18  31  14  8  32  7  17  5  29  27  13  38  2  28  1  0  43  19  11  40  22  33  46  4  36  9  45  47  23  48  35  30  25  16  39  49  15  12  44  37 
36   31  9  34  44  41  36  42  25  16  30  27  24  11  26  21  7  45  19  29  12  38  17  43  10  8  20  33  22  2  1  35  18  3  4  0  47  15  14  5  40  46  39  23  6  32  37  13  48  28  49 
37   35  20  3  14  40  45  44  41  23  2  11  30  16  43  8  7  46  47  39  18  1  0  6  10  38  27  36  28  29  19  25  24  31  32  42  4  5  33  49  15  34  37  21  13  22  9  17  26  48  12 
38   45  25  17  16  5  21  47  3  29  4  20  11  32  41  40  38  36  6  7  31  10  33  0  23  15  44  27  14  30  9  49  28  37  26  1  19  22  24  13  42  34  46  48  43  18  12  2  35  8  39 
39   43  0  46  35  42  38  2  36  39  45  20  1  9  11  49  44  14  48  41  6  15  31  4  26  37  7  25  21  27  33  23  12  30  10  3  34  32  40  17  22  16  24  5  8  47  18  19  29  28  13 
40   23  38  46  42  33  43  34  47  7  24  35  12  48  25  40  20  15  3  26  11  28  13  9  16  31  39  41  10  2  5  0  17  22  19  8  18  49  4  30  44  27  21  6  36  29  32  37  14  45  1 
41   17  6  32  25  4  19  2  20  27  29  33  11  34  12  24  31  16  41  36  39  44  45  15  47  38  7  14  26  0  37  48  13  35  42  5  18  40  46  3  9  28  43  10  30  21  8  1  49  23  22 
42   18  12  5  7  14  37  23  25  20  8  17  2  33  43  29  11  47  1  44  35  42  4  34  36  0  26  10  39  40  24  15  9  38  48  27  21  32  30  41  3  13  31  46  28  22  49  6  16  19  45 
43   14  0  46  12  37  27  8  33  47  13  49  43  19  1  36  48  31  15  32  9  16  41  30  17  28  35  7  11  22  4  26  40  42  38  10  18  21  23  45  34  6  3  29  24  5  2  39  20  25  44 
44   30  37  19  32  43  12  44  23  7  16  36  0  21  18  13  48  17  28  25  47  15  14  20  6  27  40  4  11  24  35  26  5  8  45  41  38  10  9  31  42  3  34  1  33  49  2  22  46  39  29 
45   49  30  1  43  28  45  22  39  25  37  9  13  27  48  35  15  19  14  42  26  32  20  2  21  47  10  12  6  4  46  41  36  33  3  23  31  44  8  7  11  17  18  5  38  40  34  0  16  29  24 
46   46  32  17  31  20  24  2  18  21  22  7  1  38  44  15  36  25  45  42  16  8  41  49  47  4  5  19  39  35  9  11  34  48  29  40  33  43  37  27  28  6  0  10  12  30  13  14  3  26  23 
47   26  24  25  33  6  7  34  49  46  44  31  45  4  35  18  47  5  21  10  27  2  30  1  40  20  8  38  42  13  39  22  16  0  14  48  29  9  19  11  3  15  28  41  37  32  43  23  17  12  36 
48   40  36  44  49  15  43  27  37  33  8  12  19  34  47  41  2  22  6  45  9  3  20  1  38  5  39  48  35  21  7  30  29  25  18  46  4  11  28  24  13  32  26  10  17  16  0  23  42  14  31 
49   44  3  47  15  16  18  0  5  11  39  7  37  34  40  43  25  13  33  46  22  45  49  28  12  36  32  38  9  30  27  42  2  48  1  4  17  20  23  26  14  29  8  41  21  10  24  35  6  31  19 

0   12  1  14  48  38  21  6  4  44  0  20  43  23  39  3  40  47  45  46  34  41  27  13  33  26  8  31  36  49  42  28  32  35  37  5  17  30  18  9  16  22  19  2  29  10  11  25  7  24  15 
1   40  24  5  1  6  37  9  11  41  10  20  47  7  29  4  28  48  49  2  45  17  3  46  14  25  36  19  21  39  30  33  22  16  34  8  43  0  23  26  32  44  18  13  12  38  42  27  31  35  15 
2   34  3  41  23  42  16  5  24  21  37  38  14  30  36  49  2  27  22  35  11  48  39  43  7  45  44  1  12  4  17  8  32  25  33  29  18  20  26  31  6  19  47  40  28  46  15  10  9  0  13 
3   0  6  9  1  36  14  16  11  3  27  47  49  23  20  5  24  33  48  26  2  8  31  30  35  7  19  29  22  12  42  37  18  25  32  34  28  43  4  46  21  39  38  41  45  13  17  15  10  44  40 
4   10  22  29  3  48  15  47  12  40  25  34  42  41  30  43  44  1  21  19  7  38  4  49  11  33  6  24  28  31  16  2  46  39  20  13  37  36  45  5  0  18  17  14  35  9  26  27  32  23  8 
5   31  34  10  44  21  26  0  16  24  12  20  46  2  48  6  15  1  11  38  9  13  3  37  39  40  7  33  17  49  18  47  41  43  36  14  45  42  25  5  4  30  23  29  32  35  8  19  27  22  28 
6   30  17  12  14  29  4  36  6  43  34  7  18  45  25  49  1  26  24  48  3  0  37  35  41  44  13  8  40  19  16  9  23  20  47  10  27  11  39  2  42  5  21  31  32  46  28  15  22  38  33 
7   19  9  35  48  13  31  0  36  34  5  11  17  26  47  14  39  45  46  21  2  29  23  27  43  10  41  8  33  30  7  32  6  18  16  12  42  24  15  40  22  44  25  3  38  28  37  20  4  49  1 
8   13  33  41  38  12  44  15  9  28  21  25  43  27  34  46  14  16  30  47  20  6  42  49  22  4  2  0  7  31  18  10  1  45  36  23  35  39  5  17  19  40  37  48  29  3  26  11  24  32  8 
9   6  7  22  26  5  47  23  3  44  8  34  39  18  45  49  48  43  20  13  19  27  38  37  4  46  41  29  0  40  36  35  2  25  16  42  12  31  24  14  1  21  9  15  32  10  30  17  33  11  28 
10   41  35  32  23  18  5  43  29  37  49  4  45  12  46  9  24  19  15  14  38  31  20  6  40  21  28  48  8  1  16  22  42  33  17  39  36  10  7  0  25  34  13  47  27  26  11  2  30  3  44 
11   43  27  9  37  16  7  40  41  15  38  3  19  5  49  30  46  17  39  24  14  29  32  23  12  45  21  10  42  18  44  26  4  36  20  8  2  6  47  34  1  48  33  25  31  22  35  0  13  28  11 
12   37  0  45  42  41  17  33  35  24  15  46  19  3  32  2  1  6  8  43  10  25  23  5  30  27  4  38  14  16  29  11  31  28  49  48  7  44  36  39  34  18  13  20  47  21  40  9  26  22  12 
13   39  19  21  32  15  23  7  14  29  18  47  43  1  38  41  34  30  6  35  22  36  27  17  5  26  11  40  8  45  4  46  24  3  20  10  9  33  0  42  28  31  12  37  13  16  49  25  44  2  48 
14   18  43  45  32  27  11  30  39  25  28  14  8  16  38  31  46  9  19  5  0  15  34  23  26  42  13  12  44  10  1  41  29  22  6  7  49  24  4  17  3  2  40  20  33  48  47  35  21  37  36 
15   29  4  38  8  12  24  34  1  20  9  14  40  18  19  47  37  17  22  27  13  0  31  11  42  41  15  10  2  7  3  39  5  25  36  43  16  33  48  23  6  21  49  28  30  32  45  35  44  26  46 
16   30  16  40  26  12  1  39  18  0  36  44  48  32  47  15  19  6  35  10  41  11  20  13  31  37  22  8  29  21  49  23  24  34  45  27  5  14  7  42  38  3  28  4  46  25  9  43  33  2  17 
17   11  41  27  29  14  15  30  46  3  1  21  49  43  37  26  0  9  13  25  36  24  10  38  48  40  6  18  12  34  33  31  44  42  20  5  16  28  19  32  22  7  45  17  4  35  23  39  2  8  47 
18   24  42  14  15  31  7  11  22  18  26  28  40  33  3  30  0  17  13  23  32  39  34  27  12  8  21  36  10  5  41  44  29  6  47  2  46  48  43  25  37  35  1  45  38  49  20  4  9  16  19 
19   49  15  6  37  36  34  33  38  12  17  5  43  19  44  4  32  14  39  23  28  35  24  31  11  13  40  42  46  29  0  1  45  10  21  8  48  18  22  26  47  30  2  7  3  9  16  25  27  20  41 
20   14  26  0  46  43  7  38  25  6  35  17  5  10  41  4  22  21  15  39  36  49  9  29  19  37  16  40  11  13  3  1  30  42  24  8  20  23  47  34  44  32  2  33  48  27  18  45  12  28  31 
21   2  28  32  39  13  42  41  20  36  44  43  45  24  3  1  6  29  33  37  25  16  48  8  11  27  0  22  15  23  49  47  5  19  18  30  14  31  9  17  38  26  34  7  46  35  40  12  4  21  10 
22   41  31  15  9  24  32  20  30  18  43  38  26  16  44  33  10  13  29  5  36  12  1  23  22  27  48  47  42  2  35  4  40  0  37  14  6  46  21  39  7  11  17  25  19  8  49  34  28  45  3 
23   46  40  4  6  0  47  12  44  33  29  21  20  26  31  27  18  24  25  43  11  48  15  30  17  5  3  2  9  34  7  14  1  10  37  38  42  28  22  39  16  23  13  45  35  41  8  19  32  49  36 
24   45  2  44  0  47  10  19  8  40  28  15  17  26  43  27  23  38  29  12  21  14  13  32  36  5  3  41  48  4  7  39  33  16  11  18  49  20  1  37  6  25  24  35  31  34  30  9  22  42  46 
25   17  12  0  47  4  28  21  27  19  30  11  5  15  18  7  40  25  16  48  46  49  38  39  13  36  42  24  35  43  9  8  34  26  23  29  3  41  45  37  10  14  1  20  32  22  6  2  44  31  33 
26   33  47  21  34  37  23  12  25  41  48  19  3  16  8  6  9  38  46  10  15  7  27  36  22  42  2  30  49  17  28  45  31  18  26  39  44  1  4  13  14  24  43  40  32  29  35  11  0  5  20 
27   15  20  47  36  5  43  18  7  26  44  8  19  37  6  46  34  16  39  21  38  33  3  31  30  4  2  27  25  23  48  32  22  17  40  28  29  9  35  42  41  10  1  13  12  11  0  45  49  14  24 
28   18  10  30  43  38  28  20  17  26  22  6  14  21  39  12  33  27  1  31  40  36  45  24  16  49  23  4  15  2  13  44  46  42  11  0  48  19  47  8  5  37  25  3  7  32  29  35  9  34  41 
29   44  29  45  25  14  37  1  33  3  34  46  30  18  6  4  49  2  27  20  7  28  13  43  42  10  15  11  22  38  16  39  21  48  23  5  41  32  12  26  31  19  47  24  0  17  36  40  9  8  35 
30   11  44  37  9  34  21  45  40  41  24  46  49  4  42  17  47  2  28  6  8  26  13  23  39  48  27  19  29  14  5  30  12  15  43  7  22  36  20  32  31  16  10  25  0  3  1  35  33  38  18 
31   48  36  45  29  2  18  41  10  39  28  44  35  46  8  43  1  27  6  25  19  30  4  9  32  47  31  16  38  20  13  0  15  14  26  5  24  33  12  40  11  37  22  3  17  34  21  42  7  49  23 
32   25  14  10  42  26  24  45  3  40  28  16  4  17  22  33  39  46  6  21  0  47  48  18  13  44  11  27  8  12  31  37  36  35  1  9  49  5  20  32  34  30  29  23  43  41  2  38  15  7  19 
33   34  8  23  12  7  11  49  41  28  4  15  14  37  18  48  21  2  24  0  22  19  16  42  43  44  9  6  39  5  36  25  29  26  32  47  38  40  35  27  33  3  10  17  20  13  45  46  30  31  1 
34   20  11  41  37  22  27  43  35  40  32  18  9  17  24  26  34  12  28  47  13  7  29  0  48  2  15  36  1  45  42  38  30  19  21  49  3  6  8  25  10  44  4  33  46  14  16  31  23  5  39 
35   8  37  32  30  16  10  48  49  11  38  6  0  44  27  36  20  1  4  12  2  22  14  13  39  42  24  19  3  47  40  33  7  31  18  46  29  5  25  15  26  43  34  41  9  21  23  17  35  45  28 
36   47  32  4  24  39  0  37  22  34  18  19  8  17  29  5  44  35  21  38  12  27  30  11  9  2  28  48  16  31  36  43  14  6  20  1  23  13  41  3  7  26  42  45  49  25  40  10  15  33  46 
37   35  21  27  47  13  26  24  46  34  0  30  19  2  16  4  14  32  22  45  10  48  8  9  29  44  31  18  40  43  5  41  23  7  1  25  36  20  49  11  17  15  42  39  33  37  12  3  6  28  38 
38   7  18  12  29  1  36  47  48  45  40  23  19  11  6  14  43  17  9  22  37  44  28  31  21  33  16  20  0  46  15  39  41  26  30  4  25  13  32  34  24  8  42  2  49  3  27  5  38  10  35 
39   38  13  34  26  39  12  6  20  30  14  2  42  31  47  22  17  25  19  18  49  1  9  35  36  10  37  33  5  16  44  45  4  27  21  11  24  40  43  3  7  8  28  41  48  32  23  15  46  0  29 
40   26  48  14  38  44  15  32  40  30  8  1  3  29  28  10  22  2  39  37  45  5  27  6  34  24  33  31  42  46  47  41  16  20  13  12  21  25  49  36  23  11  17  43  18  35  7  9  4  0  19 
41   22  30  2  47  38  14  37  11  25  0  48  3  19  21  18  1  13  43  9  39  49  45  10  29  6  5  17  12  7  16  44  26  34  46  23  4  27  35  15  42  36  20  24  31  40  8  32  28  33  41 
42   4  5  15  20  28  49  38  33  11  9  30  26  45  7  3  42  19  24  27  25  22  21  13  43  29  37  47  44  16  0  32  23  10  34  48  2  18  40  6  14  12  8  46  41  1  17  31  36  39  35 
43   23  39  28  26  27  31  38  13  12  29  21  20  35  8  36  37  32  46  33  15  24  1  2  16  18  34  14  40  17  9  44  6  47  3  19  49  0  22  42  25  45  41  30  48  11  10  4  5  43  7 
44   43  49  14  38  2  39  40  0  36  47  46  41  21  24  42  10  17  44  16  30  23  33  12  35  31  7  15  28  13  8  11  26  6  20  18  25  5  34  3  4  22  19  9  37  32  48  45  29  27  1 
45   42  38  21  3  14  24  34  31  30  26  37  19  0  8  23  36  40  33  32  18  47  44  20  7  10  1  6  29  11  45  12  15  17  41  43  5  48  16  28  22  35  27  46  2  39  4  9  13  49  25 
46   30  46  49  25  23  31  10  16  47  8  2  21  29  3  14  26  38  7  35  44  40  9  6  1  32  42  13  27  22  45  17  4  36  28  39  37  48  5  20  18  12  41  24  11  15  34  43  19  33  0 
47   49  23  0  22  26  27  20  5  17  19  29  43  42  44  3  10  39  30  33  4  46  15  41  16  38  24  14  47  8  34  35  21  25  37  32  2  1  45  12  6  36  9  40  7  48  13  11  31  18  28 
48   27  25  40  8  23  17  1  26  42  38  4  28  5  39  46  49  47  13  11  16  12  44  6  41  36  21  30  15  31  0  37  32  24  48  10  9  3  45  22  35  43  19  29  2  20  34  33  14  18  7 
49   36  45  41  5  18  33  28  38  9  47  19  32  24  46  26  39  34  4  43  31  37  6  15  27  20  12  7  10  1  23  8  22  30  0  44  49  21  25  42  3  14  17  29  40  16  13  35  48  2  11 
